%YAML:1.0

model_type: KANNALA_BRANDT
camera_name: camera
image_width: 720
image_height: 540
projection_parameters:
   k2: -0.03890973498616883
   k3: -0.002604676547864069
   k4: 0.0004634700730293949
   k5: -0.00036698216675371063
   mu: 352.9514843860555
   mv: 353.32837903547403
   u0: 363.93345228274336
   v0: 266.14511705007413
