%YAML:1.0

model_type: KANNALA_BRANDT
camera_name: camera
image_width: 720
image_height: 540
projection_parameters:
   k2: -0.03842764034005408
   k3: -0.005841411460411122
   k4: 0.003451041303088915
   k5: -0.0011463543672005018
   mu: 351.5132148653381
   mv: 351.7557554938886
   u0: 342.8425988673232
   v0: 259.91793254535776
