%YAML:1.0

model_type: KANNALA_BRANDT
camera_name: camera
image_width: 1440
image_height: 1080
projection_parameters:
   k2: -0.041473724
   k3: 0.000366189
   k4: -0.0008241712
   k5: -0.0002216933
   mu: 703.2325755934
   mv: 703.2405654818
   u0: 703.0078028901
   v0: 537.7049174331
