%YAML:1.0

model_type: KANNALA_BRANDT
camera_name: camera
image_width: 1440
image_height: 1080
projection_parameters:
   k2: -0.0405675926
   k3: 0.0010964136
   k4: -0.0027765896
   k5: 0.0006435363
   mu: 701.4723842948
   mv: 701.6419154268
   u0: 700.4808652897
   v0: 541.8573746426
